  2.3000000e+002  1.3400000e+001
  2.3001040e+002  1.3340000e+001
  2.3002080e+002  1.3370000e+001
  2.3003130e+002  1.3160000e+001
  2.3004170e+002  1.3020000e+001
  2.3005210e+002  1.2850000e+001
  2.3006250e+002  1.2840000e+001
  2.3007290e+002  1.2880000e+001
  2.3008330e+002  1.3070000e+001
  2.3009380e+002  1.3020000e+001
  2.3010420e+002  1.2980000e+001
  2.3011460e+002  1.2860000e+001
  2.3012500e+002  1.2680000e+001
  2.3013540e+002  1.2620000e+001
  2.3014580e+002  1.2140000e+001
  2.3015630e+002  1.2540000e+001
  2.3016670e+002  1.1930000e+001
  2.3017710e+002  1.1160000e+001
  2.3018750e+002  1.0290000e+001
  2.3019790e+002  1.0220000e+001
  2.3020830e+002  1.0510000e+001
  2.3021880e+002  1.0540000e+001
  2.3022920e+002  1.0750000e+001
  2.3023960e+002  1.1170000e+001
  2.3025000e+002  1.1570000e+001
  2.3026040e+002  1.1450000e+001
  2.3027080e+002  1.1120000e+001
  2.3028130e+002  1.1170000e+001
  2.3029170e+002  1.1280000e+001
  2.3030210e+002  1.1750000e+001
  2.3031250e+002  1.2490000e+001
  2.3032290e+002  1.3090000e+001
  2.3033330e+002  1.3680000e+001
  2.3034380e+002  1.4140000e+001
  2.3035420e+002  1.4790000e+001
  2.3036460e+002  1.5130000e+001
  2.3037500e+002  1.5340000e+001
  2.3038540e+002  1.5840000e+001
  2.3039580e+002  1.6340000e+001
  2.3040630e+002  1.6170000e+001
  2.3041670e+002  1.5350000e+001
  2.3042710e+002  1.5980000e+001
  2.3043750e+002  1.7180000e+001
  2.3044790e+002  1.7240000e+001
  2.3045830e+002  1.6310000e+001
  2.3046880e+002  1.6370000e+001
  2.3047920e+002  1.6950000e+001
  2.3048960e+002  1.7200000e+001
  2.3050000e+002  1.8160000e+001
  2.3051040e+002  1.8390000e+001
  2.3052080e+002  1.7660000e+001
  2.3053130e+002  1.7850000e+001
  2.3054170e+002  1.8450000e+001
  2.3055210e+002  1.8470000e+001
  2.3056250e+002  1.9140000e+001
  2.3057290e+002  1.8460000e+001
  2.3058330e+002  1.8870000e+001
  2.3059380e+002  1.9220000e+001
  2.3060420e+002  1.9450000e+001
  2.3061460e+002  1.9190000e+001
  2.3062500e+002  1.9630000e+001
  2.3063540e+002  1.9310000e+001
  2.3064580e+002  2.0340000e+001
  2.3065630e+002  2.0190000e+001
  2.3066670e+002  2.0310000e+001
  2.3067710e+002  2.0310000e+001
  2.3068750e+002  2.0140000e+001
  2.3069790e+002  2.0070000e+001
  2.3070830e+002  2.0310000e+001
  2.3071880e+002  2.0180000e+001
  2.3072920e+002  1.9670000e+001
  2.3073960e+002  1.9460000e+001
  2.3075000e+002  1.9170000e+001
  2.3076040e+002  1.9110000e+001
  2.3077080e+002  1.8930000e+001
  2.3078130e+002  1.8620000e+001
  2.3079170e+002  1.8420000e+001
  2.3080210e+002  1.7960000e+001
  2.3081250e+002  1.7610000e+001
  2.3082290e+002  1.7710000e+001
  2.3083330e+002  1.7460000e+001
  2.3084380e+002  1.7110000e+001
  2.3085420e+002  1.6700000e+001
  2.3086460e+002  1.6020000e+001
  2.3087500e+002  1.5850000e+001
  2.3088540e+002  1.5630000e+001
  2.3089580e+002  1.5620000e+001
  2.3090630e+002  1.5380000e+001
  2.3091670e+002  1.4910000e+001
  2.3092710e+002  1.4700000e+001
  2.3093750e+002  1.5000000e+001
  2.3094790e+002  1.4800000e+001
  2.3095830e+002  1.4740000e+001
  2.3096880e+002  1.4740000e+001
  2.3097920e+002  1.4680000e+001
  2.3098960e+002  1.4560000e+001
  2.3100000e+002  1.4440000e+001
  2.3101040e+002  1.4210000e+001
  2.3102080e+002  1.4020000e+001
  2.3103130e+002  1.4130000e+001
  2.3104170e+002  1.4100000e+001
  2.3105210e+002  1.4060000e+001
  2.3106250e+002  1.4010000e+001
  2.3107290e+002  1.3860000e+001
  2.3108330e+002  1.3770000e+001
  2.3109380e+002  1.3560000e+001
  2.3110420e+002  1.3230000e+001
  2.3111460e+002  1.3160000e+001
  2.3112500e+002  1.3200000e+001
  2.3113540e+002  1.3190000e+001
  2.3114580e+002  1.2860000e+001
  2.3115630e+002  1.2870000e+001
  2.3116670e+002  1.2800000e+001
  2.3117710e+002  1.2890000e+001
  2.3118750e+002  1.3070000e+001
  2.3119790e+002  1.2940000e+001
  2.3120830e+002  1.2580000e+001
  2.3121880e+002  1.3110000e+001
  2.3122920e+002  1.3220000e+001
  2.3123960e+002  1.3220000e+001
  2.3125000e+002  1.3360000e+001
  2.3126040e+002  1.3510000e+001
  2.3127080e+002  1.3680000e+001
  2.3128130e+002  1.4060000e+001
  2.3129170e+002  1.4410000e+001
  2.3130210e+002  1.4730000e+001
  2.3131250e+002  1.4970000e+001
  2.3132290e+002  1.5250000e+001
  2.3133330e+002  1.5740000e+001
  2.3134380e+002  1.6360000e+001
  2.3135420e+002  1.6960000e+001
  2.3136460e+002  1.7660000e+001
  2.3137500e+002  1.8460000e+001
  2.3138540e+002  1.8880000e+001
  2.3139580e+002  1.9000000e+001
  2.3140630e+002  1.9500000e+001
  2.3141670e+002  2.0210000e+001
  2.3142710e+002  2.0530000e+001
  2.3143750e+002  2.0860000e+001
  2.3144790e+002  2.1200000e+001
  2.3145830e+002  2.1650000e+001
  2.3146880e+002  2.2050000e+001
  2.3147920e+002  2.2220000e+001
  2.3148960e+002  2.2420000e+001
  2.3150000e+002  2.2840000e+001
  2.3151040e+002  2.3030000e+001
  2.3152080e+002  2.3010000e+001
  2.3153130e+002  2.3460000e+001
  2.3154170e+002  2.3590000e+001
  2.3155210e+002  2.3860000e+001
  2.3156250e+002  2.4020000e+001
  2.3157290e+002  2.4190000e+001
  2.3158330e+002  2.4280000e+001
  2.3159380e+002  2.4210000e+001
  2.3160420e+002  2.4510000e+001
  2.3161460e+002  2.4650000e+001
  2.3162500e+002  2.4740000e+001
  2.3163540e+002  2.4830000e+001
  2.3164580e+002  2.4890000e+001
  2.3165630e+002  2.5070000e+001
  2.3166670e+002  2.5140000e+001
  2.3167710e+002  2.5160000e+001
  2.3168750e+002  2.5170000e+001
  2.3169790e+002  2.5040000e+001
  2.3170830e+002  2.4970000e+001
  2.3171880e+002  2.4940000e+001
  2.3172920e+002  2.4810000e+001
  2.3173960e+002  2.4710000e+001
  2.3175000e+002  2.4440000e+001
  2.3176040e+002  2.4110000e+001
  2.3177080e+002  2.3840000e+001
  2.3178130e+002  2.3610000e+001
  2.3179170e+002  2.3340000e+001
  2.3180210e+002  2.3020000e+001
  2.3181250e+002  2.2710000e+001
  2.3182290e+002  2.2540000e+001
  2.3183330e+002  2.2300000e+001
  2.3184380e+002  2.1890000e+001
  2.3185420e+002  2.1570000e+001
  2.3186460e+002  2.1510000e+001
  2.3187500e+002  2.1390000e+001
  2.3188540e+002  2.1470000e+001
  2.3189580e+002  2.1560000e+001
  2.3190630e+002  2.1610000e+001
  2.3191670e+002  2.1710000e+001
  2.3192710e+002  2.1880000e+001
  2.3193750e+002  2.2030000e+001
  2.3194790e+002  2.2100000e+001
  2.3195830e+002  2.2110000e+001
  2.3196880e+002  2.2100000e+001
  2.3197920e+002  2.2130000e+001
  2.3198960e+002  2.2010000e+001
  2.3200000e+002  2.1890000e+001
  2.3201040e+002  2.1740000e+001
  2.3202080e+002  2.1050000e+001
  2.3203130e+002  2.0610000e+001
  2.3204170e+002  2.0300000e+001
  2.3205210e+002  2.0290000e+001
  2.3206250e+002  1.9940000e+001
  2.3207290e+002  1.9040000e+001
  2.3208330e+002  1.8530000e+001
  2.3209380e+002  1.8280000e+001
  2.3210420e+002  1.7910000e+001
  2.3211460e+002  1.7570000e+001
  2.3212500e+002  1.7830000e+001
  2.3213540e+002  1.7540000e+001
  2.3214580e+002  1.7250000e+001
  2.3215630e+002  1.7140000e+001
  2.3216670e+002  1.7040000e+001
  2.3217710e+002  1.7100000e+001
  2.3218750e+002  1.7020000e+001
  2.3219790e+002  1.6940000e+001
  2.3220830e+002  1.6760000e+001
  2.3221880e+002  1.6800000e+001
  2.3222920e+002  1.6740000e+001
  2.3223960e+002  1.6730000e+001
  2.3225000e+002  1.6670000e+001
  2.3226040e+002  1.6640000e+001
  2.3227080e+002  1.6710000e+001
  2.3228130e+002  1.6820000e+001
  2.3229170e+002  1.6950000e+001
  2.3230210e+002  1.7070000e+001
  2.3231250e+002  1.6990000e+001
  2.3232290e+002  1.6740000e+001
  2.3233330e+002  1.6690000e+001
  2.3234380e+002  1.6740000e+001
  2.3235420e+002  1.6760000e+001
  2.3236460e+002  1.6940000e+001
  2.3237500e+002  1.7210000e+001
  2.3238540e+002  1.7240000e+001
  2.3239580e+002  1.7030000e+001
  2.3240630e+002  1.7010000e+001
  2.3241670e+002  1.7240000e+001
  2.3242710e+002  1.7710000e+001
  2.3243750e+002  1.8070000e+001
  2.3244790e+002  1.8180000e+001
  2.3245830e+002  1.8280000e+001
  2.3246880e+002  1.8410000e+001
  2.3247920e+002  1.8910000e+001
  2.3248960e+002  1.8840000e+001
  2.3250000e+002  1.8770000e+001
  2.3251040e+002  1.8580000e+001
  2.3252080e+002  1.8490000e+001
  2.3253130e+002  1.8580000e+001
  2.3254170e+002  1.9420000e+001
  2.3255210e+002  2.0210000e+001
  2.3256250e+002  2.0700000e+001
  2.3257290e+002  2.0750000e+001
  2.3258330e+002  2.0470000e+001
  2.3259380e+002  2.0690000e+001
  2.3260420e+002  2.1030000e+001
  2.3261460e+002  2.0520000e+001
  2.3262500e+002  2.0850000e+001
  2.3263540e+002  2.0720000e+001
  2.3264580e+002  2.0580000e+001
  2.3265630e+002  2.0260000e+001
  2.3266670e+002  2.0180000e+001
  2.3267710e+002  2.0580000e+001
  2.3268750e+002  2.0810000e+001
  2.3269790e+002  2.0200000e+001
  2.3270830e+002  2.0080000e+001
  2.3271880e+002  1.9630000e+001
  2.3272920e+002  1.9330000e+001
  2.3273960e+002  1.9000000e+001
  2.3275000e+002  1.8710000e+001
  2.3276040e+002  1.8410000e+001
  2.3277080e+002  1.8250000e+001
  2.3278130e+002  1.8150000e+001
  2.3279170e+002  1.7890000e+001
  2.3280210e+002  1.7630000e+001
  2.3281250e+002  1.7160000e+001
  2.3282290e+002  1.6780000e+001
  2.3283330e+002  1.6660000e+001
  2.3284380e+002  1.6640000e+001
  2.3285420e+002  1.6560000e+001
  2.3286460e+002  1.6380000e+001
  2.3287500e+002  1.6190000e+001
  2.3288540e+002  1.6250000e+001
  2.3289580e+002  1.6020000e+001
  2.3290630e+002  1.5590000e+001
  2.3291670e+002  1.5370000e+001
  2.3292710e+002  1.5400000e+001
  2.3293750e+002  1.5240000e+001
  2.3294790e+002  1.5520000e+001
  2.3295830e+002  1.5370000e+001
  2.3296880e+002  1.5050000e+001
  2.3297920e+002  1.4760000e+001
  2.3298960e+002  1.4420000e+001
  2.3300000e+002  1.4170000e+001
  2.3301040e+002  1.4030000e+001
  2.3302080e+002  1.3720000e+001
  2.3303130e+002  1.3700000e+001
  2.3304170e+002  1.3570000e+001
  2.3305210e+002  1.3610000e+001
  2.3306250e+002  1.3700000e+001
  2.3307290e+002  1.3890000e+001
  2.3308330e+002  1.4090000e+001
  2.3309380e+002  1.4030000e+001
  2.3310420e+002  1.3760000e+001
  2.3311460e+002  1.3570000e+001
  2.3312500e+002  1.3550000e+001
  2.3313540e+002  1.3570000e+001
  2.3314580e+002  1.3580000e+001
  2.3315630e+002  1.3650000e+001
  2.3316670e+002  1.3690000e+001
  2.3317710e+002  1.3810000e+001
  2.3318750e+002  1.3830000e+001
  2.3319790e+002  1.3800000e+001
  2.3320830e+002  1.3630000e+001
  2.3321880e+002  1.3540000e+001
  2.3322920e+002  1.3650000e+001
  2.3323960e+002  1.3670000e+001
  2.3325000e+002  1.3750000e+001
  2.3326040e+002  1.3820000e+001
  2.3327080e+002  1.3930000e+001
  2.3328130e+002  1.4040000e+001
  2.3329170e+002  1.4250000e+001
  2.3330210e+002  1.4400000e+001
  2.3331250e+002  1.4470000e+001
  2.3332290e+002  1.4620000e+001
  2.3333330e+002  1.4730000e+001
  2.3334380e+002  1.4760000e+001
  2.3335420e+002  1.4810000e+001
  2.3336460e+002  1.4880000e+001
  2.3337500e+002  1.5310000e+001
  2.3338540e+002  1.5420000e+001
  2.3339580e+002  1.5530000e+001
  2.3340630e+002  1.6150000e+001
  2.3341670e+002  1.6150000e+001
  2.3342710e+002  1.6410000e+001
  2.3343750e+002  1.6560000e+001
  2.3344790e+002  1.6040000e+001
  2.3345830e+002  1.6160000e+001
  2.3346880e+002  1.7090000e+001
  2.3347920e+002  1.6700000e+001
  2.3348960e+002  1.7320000e+001
  2.3350000e+002  1.7280000e+001
  2.3351040e+002  1.7470000e+001
  2.3352080e+002  1.8000000e+001
  2.3353130e+002  1.5940000e+001
  2.3354170e+002  1.3010000e+001
  2.3355210e+002  1.2260000e+001
  2.3356250e+002  1.3420000e+001
  2.3357290e+002  1.4600000e+001
  2.3358330e+002  1.4040000e+001
  2.3359380e+002  1.4050000e+001
  2.3360420e+002  1.4900000e+001
  2.3361460e+002  1.5390000e+001
  2.3362500e+002  1.6640000e+001
  2.3363540e+002  1.7270000e+001
  2.3364580e+002  1.7480000e+001
  2.3365630e+002  1.7600000e+001
  2.3366670e+002  1.7530000e+001
  2.3367710e+002  1.7410000e+001
  2.3368750e+002  1.7580000e+001
  2.3369790e+002  1.7150000e+001
  2.3370830e+002  1.7130000e+001
  2.3371880e+002  1.7090000e+001
  2.3372920e+002  1.6590000e+001
  2.3373960e+002  1.6730000e+001
  2.3375000e+002  1.6640000e+001
  2.3376040e+002  1.6530000e+001
  2.3377080e+002  1.6220000e+001
  2.3378130e+002  1.5940000e+001
  2.3379170e+002  1.5830000e+001
  2.3380210e+002  1.5320000e+001
  2.3381250e+002  1.3920000e+001
  2.3382290e+002  1.4120000e+001
  2.3383330e+002  1.3890000e+001
  2.3384380e+002  1.3470000e+001
  2.3385420e+002  1.3190000e+001
  2.3386460e+002  1.2920000e+001
  2.3387500e+002  1.2820000e+001
  2.3388540e+002  1.2850000e+001
  2.3389580e+002  1.2900000e+001
  2.3390630e+002  1.2990000e+001
  2.3391670e+002  1.3140000e+001
  2.3392710e+002  1.3320000e+001
  2.3393750e+002  1.3040000e+001
  2.3394790e+002  1.2860000e+001
  2.3395830e+002  1.2780000e+001
  2.3396880e+002  1.2750000e+001
  2.3397920e+002  1.2570000e+001
  2.3398960e+002  1.2460000e+001
  2.3400000e+002  1.2350000e+001
  2.3401040e+002  1.2300000e+001
  2.3402080e+002  1.2340000e+001
  2.3403130e+002  1.2320000e+001
  2.3404170e+002  1.2290000e+001
  2.3405210e+002  1.2290000e+001
  2.3406250e+002  1.2310000e+001
  2.3407290e+002  1.2290000e+001
  2.3408330e+002  1.2310000e+001
  2.3409380e+002  1.2320000e+001
  2.3410420e+002  1.2310000e+001
  2.3411460e+002  1.2390000e+001
  2.3412500e+002  1.2410000e+001
  2.3413540e+002  1.2440000e+001
  2.3414580e+002  1.2420000e+001
  2.3415630e+002  1.2390000e+001
  2.3416670e+002  1.2390000e+001
  2.3417710e+002  1.2360000e+001
  2.3418750e+002  1.2370000e+001
  2.3419790e+002  1.2410000e+001
  2.3420830e+002  1.2500000e+001
  2.3421880e+002  1.2560000e+001
  2.3422920e+002  1.2630000e+001
  2.3423960e+002  1.2640000e+001
  2.3425000e+002  1.2690000e+001
  2.3426040e+002  1.2730000e+001
  2.3427080e+002  1.2810000e+001
  2.3428130e+002  1.2880000e+001
  2.3429170e+002  1.2890000e+001
  2.3430210e+002  1.2840000e+001
  2.3431250e+002  1.2840000e+001
  2.3432290e+002  1.2970000e+001
  2.3433330e+002  1.3030000e+001
  2.3434380e+002  1.2980000e+001
  2.3435420e+002  1.3060000e+001
  2.3436460e+002  1.3190000e+001
  2.3437500e+002  1.3270000e+001
  2.3438540e+002  1.3410000e+001
  2.3439580e+002  1.3460000e+001
  2.3440630e+002  1.3600000e+001
  2.3441670e+002  1.3710000e+001
  2.3442710e+002  1.3940000e+001
  2.3443750e+002  1.4180000e+001
  2.3444790e+002  1.4550000e+001
  2.3445830e+002  1.4650000e+001
  2.3446880e+002  1.4820000e+001
  2.3447920e+002  1.4730000e+001
  2.3448960e+002  1.5140000e+001
  2.3450000e+002  1.5470000e+001
  2.3451040e+002  1.5850000e+001
  2.3452080e+002  1.5800000e+001
  2.3453130e+002  1.5740000e+001
  2.3454170e+002  1.5500000e+001
  2.3455210e+002  1.4880000e+001
  2.3456250e+002  1.5150000e+001
  2.3457290e+002  1.5440000e+001
  2.3458330e+002  1.5310000e+001
  2.3459380e+002  1.5390000e+001
  2.3460420e+002  1.5730000e+001
  2.3461460e+002  1.6210000e+001
  2.3462500e+002  1.6040000e+001
  2.3463540e+002  1.5840000e+001
  2.3464580e+002  1.5430000e+001
  2.3465630e+002  1.4800000e+001
  2.3466670e+002  1.5010000e+001
  2.3467710e+002  1.5210000e+001
  2.3468750e+002  1.5530000e+001
  2.3469790e+002  1.5690000e+001
  2.3470830e+002  1.5880000e+001
  2.3471880e+002  1.5880000e+001
  2.3472920e+002  1.5340000e+001
  2.3473960e+002  1.5160000e+001
  2.3475000e+002  1.5090000e+001
  2.3476040e+002  1.4960000e+001
  2.3477080e+002  1.5010000e+001
  2.3478130e+002  1.4770000e+001
  2.3479170e+002  1.4620000e+001
  2.3480210e+002  1.4420000e+001
  2.3481250e+002  1.4330000e+001
  2.3482290e+002  1.4290000e+001
  2.3483330e+002  1.4330000e+001
  2.3484380e+002  1.4160000e+001
  2.3485420e+002  1.3970000e+001
  2.3486460e+002  1.3840000e+001
  2.3487500e+002  1.3880000e+001
  2.3488540e+002  1.3830000e+001
  2.3489580e+002  1.3690000e+001
  2.3490630e+002  1.3420000e+001
  2.3491670e+002  1.3210000e+001
  2.3492710e+002  1.3140000e+001
  2.3493750e+002  1.3100000e+001
  2.3494790e+002  1.3120000e+001
  2.3495830e+002  1.3150000e+001
  2.3496880e+002  1.3180000e+001
  2.3497920e+002  1.3190000e+001
  2.3498960e+002  1.3220000e+001
  2.3500000e+002  1.3260000e+001
  2.3501040e+002  1.3290000e+001
  2.3502080e+002  1.3300000e+001
  2.3503130e+002  1.3320000e+001
  2.3504170e+002  1.3340000e+001
  2.3505210e+002  1.3360000e+001
  2.3506250e+002  1.3370000e+001
  2.3507290e+002  1.3380000e+001
  2.3508330e+002  1.3390000e+001
  2.3509380e+002  1.3410000e+001
  2.3510420e+002  1.3460000e+001
  2.3511460e+002  1.3530000e+001
  2.3512500e+002  1.3580000e+001
  2.3513540e+002  1.3630000e+001
  2.3514580e+002  1.3710000e+001
  2.3515630e+002  1.3740000e+001
  2.3516670e+002  1.3700000e+001
  2.3517710e+002  1.3770000e+001
  2.3518750e+002  1.3780000e+001
  2.3519790e+002  1.3550000e+001
  2.3520830e+002  1.3060000e+001
  2.3521880e+002  1.2760000e+001
  2.3522920e+002  1.2860000e+001
  2.3523960e+002  1.3050000e+001
  2.3525000e+002  1.3240000e+001
  2.3526040e+002  1.3500000e+001
  2.3527080e+002  1.3680000e+001
  2.3528130e+002  1.3770000e+001
  2.3529170e+002  1.3920000e+001
  2.3530210e+002  1.4020000e+001
  2.3531250e+002  1.4020000e+001
  2.3532290e+002  1.4030000e+001
  2.3533330e+002  1.3960000e+001
  2.3534380e+002  1.3900000e+001
  2.3535420e+002  1.3980000e+001
  2.3536460e+002  1.4050000e+001
  2.3537500e+002  1.4190000e+001
  2.3538540e+002  1.4450000e+001
  2.3539580e+002  1.4590000e+001
  2.3540630e+002  1.5300000e+001
  2.3541670e+002  1.5300000e+001
  2.3542710e+002  1.5140000e+001
  2.3543750e+002  1.5560000e+001
  2.3544790e+002  1.5680000e+001
  2.3545830e+002  1.6460000e+001
  2.3546880e+002  1.5770000e+001
  2.3547920e+002  1.5690000e+001
  2.3548960e+002  1.5420000e+001
  2.3550000e+002  1.5220000e+001
  2.3551040e+002  1.5470000e+001
  2.3552080e+002  1.5790000e+001
  2.3553130e+002  1.5830000e+001
  2.3554170e+002  1.5730000e+001
  2.3555210e+002  1.6140000e+001
  2.3556250e+002  1.6440000e+001
  2.3557290e+002  1.6120000e+001
  2.3558330e+002  1.6260000e+001
  2.3559380e+002  1.6480000e+001
  2.3560420e+002  1.6630000e+001
  2.3561460e+002  1.6670000e+001
  2.3562500e+002  1.6360000e+001
  2.3563540e+002  1.6130000e+001
  2.3564580e+002  1.6400000e+001
  2.3565630e+002  1.5920000e+001
  2.3566670e+002  1.6160000e+001
  2.3567710e+002  1.5850000e+001
  2.3568750e+002  1.6000000e+001
  2.3569790e+002  1.5350000e+001
  2.3570830e+002  1.5110000e+001
  2.3571880e+002  1.4810000e+001
  2.3572920e+002  1.4720000e+001
  2.3573960e+002  1.4560000e+001
  2.3575000e+002  1.4700000e+001
  2.3576040e+002  1.4350000e+001
  2.3577080e+002  1.4140000e+001
  2.3578130e+002  1.3840000e+001
  2.3579170e+002  1.3440000e+001
  2.3580210e+002  1.3060000e+001
  2.3581250e+002  1.2750000e+001
  2.3582290e+002  1.2430000e+001
  2.3583330e+002  1.2180000e+001
  2.3584380e+002  1.2090000e+001
  2.3585420e+002  1.1860000e+001
  2.3586460e+002  1.1800000e+001
  2.3587500e+002  1.2140000e+001
  2.3588540e+002  1.2090000e+001
  2.3589580e+002  1.1910000e+001
  2.3590630e+002  1.1740000e+001
  2.3591670e+002  1.1790000e+001
  2.3592710e+002  1.1660000e+001
  2.3593750e+002  1.1790000e+001
  2.3594790e+002  1.1630000e+001
  2.3595830e+002  1.1450000e+001
  2.3596880e+002  1.1440000e+001
  2.3597920e+002  1.1510000e+001
  2.3598960e+002  1.1650000e+001
  2.3600000e+002  1.1680000e+001
  2.3601040e+002  1.1330000e+001
  2.3602080e+002  1.1030000e+001
  2.3603130e+002  1.1280000e+001
  2.3604170e+002  1.1420000e+001
  2.3605210e+002  1.1370000e+001
  2.3606250e+002  1.1250000e+001
  2.3607290e+002  1.1160000e+001
  2.3608330e+002  1.1190000e+001
  2.3609380e+002  1.1200000e+001
  2.3610420e+002  1.1160000e+001
  2.3611460e+002  1.1270000e+001
  2.3612500e+002  1.1430000e+001
  2.3613540e+002  1.1250000e+001
  2.3614580e+002  1.1140000e+001
  2.3615630e+002  1.0970000e+001
  2.3616670e+002  1.0930000e+001
  2.3617710e+002  1.0830000e+001
  2.3618750e+002  1.0890000e+001
  2.3619790e+002  1.0990000e+001
  2.3620830e+002  1.1040000e+001
  2.3621880e+002  1.1080000e+001
  2.3622920e+002  1.1120000e+001
  2.3623960e+002  1.1250000e+001
  2.3625000e+002  1.1330000e+001
  2.3626040e+002  1.1380000e+001
  2.3627080e+002  1.1460000e+001
  2.3628130e+002  1.1560000e+001
  2.3629170e+002  1.1720000e+001
  2.3630210e+002  1.1910000e+001
  2.3631250e+002  1.2100000e+001
  2.3632290e+002  1.2290000e+001
  2.3633330e+002  1.2420000e+001
  2.3634380e+002  1.2610000e+001
  2.3635420e+002  1.3070000e+001
  2.3636460e+002  1.3650000e+001
  2.3637500e+002  1.4110000e+001
  2.3638540e+002  1.4110000e+001
  2.3639580e+002  1.4270000e+001
  2.3640630e+002  1.4290000e+001
  2.3641670e+002  1.4320000e+001
  2.3642710e+002  1.4390000e+001
  2.3643750e+002  1.4380000e+001
  2.3644790e+002  1.4630000e+001
  2.3645830e+002  1.5300000e+001
  2.3646880e+002  1.5650000e+001
  2.3647920e+002  1.5900000e+001
  2.3648960e+002  1.6060000e+001
  2.3650000e+002  1.6240000e+001
  2.3651040e+002  1.5680000e+001
  2.3652080e+002  1.6080000e+001
  2.3653130e+002  1.6370000e+001
  2.3654170e+002  1.6370000e+001
  2.3655210e+002  1.6530000e+001
  2.3656250e+002  1.6100000e+001
  2.3657290e+002  1.6500000e+001
  2.3658330e+002  1.6200000e+001
  2.3659380e+002  1.6340000e+001
  2.3660420e+002  1.6240000e+001
  2.3661460e+002  1.5990000e+001
  2.3662500e+002  1.6040000e+001
  2.3663540e+002  1.5510000e+001
  2.3664580e+002  1.5550000e+001
  2.3665630e+002  1.5950000e+001
  2.3666670e+002  1.6160000e+001
  2.3667710e+002  1.6140000e+001
  2.3668750e+002  1.5550000e+001
  2.3669790e+002  1.5530000e+001
  2.3670830e+002  1.5500000e+001
  2.3671880e+002  1.5470000e+001
  2.3672920e+002  1.5390000e+001
  2.3673960e+002  1.5390000e+001
  2.3675000e+002  1.5220000e+001
  2.3676040e+002  1.5040000e+001
  2.3677080e+002  1.4830000e+001
  2.3678130e+002  1.4940000e+001
  2.3679170e+002  1.4920000e+001
  2.3680210e+002  1.4750000e+001
  2.3681250e+002  1.4570000e+001
  2.3682290e+002  1.4420000e+001
  2.3683330e+002  1.4220000e+001
  2.3684380e+002  1.3940000e+001
  2.3685420e+002  1.3530000e+001
  2.3686460e+002  1.3650000e+001
  2.3687500e+002  1.3720000e+001
  2.3688540e+002  1.3740000e+001
  2.3689580e+002  1.3820000e+001
  2.3690630e+002  1.3690000e+001
  2.3691670e+002  1.3530000e+001
  2.3692710e+002  1.3220000e+001
  2.3693750e+002  1.2720000e+001
  2.3694790e+002  1.2400000e+001
  2.3695830e+002  1.2470000e+001
  2.3696880e+002  1.2410000e+001
  2.3697920e+002  1.2180000e+001
  2.3698960e+002  1.2040000e+001
  2.3700000e+002  1.1800000e+001
  2.3701040e+002  1.1610000e+001
  2.3702080e+002  1.1480000e+001
  2.3703130e+002  1.1480000e+001
  2.3704170e+002  1.1700000e+001
  2.3705210e+002  1.1650000e+001
  2.3706250e+002  1.1610000e+001
  2.3707290e+002  1.1530000e+001
  2.3708330e+002  1.1270000e+001
  2.3709380e+002  1.1120000e+001
  2.3710420e+002  1.1040000e+001
  2.3711460e+002  1.0970000e+001
  2.3712500e+002  1.1050000e+001
  2.3713540e+002  1.0820000e+001
  2.3714580e+002  1.0550000e+001
  2.3715630e+002  1.0270000e+001
  2.3716670e+002  1.0210000e+001
  2.3717710e+002  1.0090000e+001
  2.3718750e+002  9.8100000e+000
  2.3719790e+002  9.5100000e+000
  2.3720830e+002  9.5400000e+000
  2.3721880e+002  9.6300000e+000
  2.3722920e+002  9.7900000e+000
  2.3723960e+002  1.0010000e+001
  2.3725000e+002  1.0320000e+001
  2.3726040e+002  1.0780000e+001
  2.3727080e+002  1.0980000e+001
  2.3728130e+002  1.1360000e+001
  2.3729170e+002  1.1480000e+001
  2.3730210e+002  1.1710000e+001
  2.3731250e+002  1.1850000e+001
  2.3732290e+002  1.2010000e+001
  2.3733330e+002  1.2570000e+001
  2.3734380e+002  1.3020000e+001
  2.3735420e+002  1.2870000e+001
  2.3736460e+002  1.3060000e+001
  2.3737500e+002  1.3440000e+001
  2.3738540e+002  1.3860000e+001
  2.3739580e+002  1.4110000e+001
  2.3740630e+002  1.4220000e+001
  2.3741670e+002  1.4310000e+001
  2.3742710e+002  1.4250000e+001
  2.3743750e+002  1.4030000e+001
  2.3744790e+002  1.3980000e+001
  2.3745830e+002  1.3830000e+001
  2.3746880e+002  1.4460000e+001
  2.3747920e+002  1.4890000e+001
  2.3748960e+002  1.5220000e+001
  2.3750000e+002  1.5200000e+001
  2.3751040e+002  1.5350000e+001
  2.3752080e+002  1.5630000e+001
  2.3753130e+002  1.5770000e+001
  2.3754170e+002  1.5640000e+001
  2.3755210e+002  1.5550000e+001
  2.3756250e+002  1.4800000e+001
  2.3757290e+002  1.4940000e+001
  2.3758330e+002  1.5630000e+001
  2.3759380e+002  1.6160000e+001
  2.3760420e+002  1.6420000e+001
  2.3761460e+002  1.6460000e+001
  2.3762500e+002  1.6360000e+001
  2.3763540e+002  1.5700000e+001
  2.3764580e+002  1.5120000e+001
  2.3765630e+002  1.4840000e+001
  2.3766670e+002  1.4810000e+001
  2.3767710e+002  1.4600000e+001
  2.3768750e+002  1.4470000e+001
  2.3769790e+002  1.4430000e+001
  2.3770830e+002  1.4470000e+001
  2.3771880e+002  1.4460000e+001
  2.3772920e+002  1.4390000e+001
  2.3773960e+002  1.4330000e+001
  2.3775000e+002  1.4230000e+001
  2.3776040e+002  1.4120000e+001
  2.3777080e+002  1.4030000e+001
  2.3778130e+002  1.3970000e+001
  2.3779170e+002  1.3940000e+001
  2.3780210e+002  1.3910000e+001
  2.3781250e+002  1.3950000e+001
  2.3782290e+002  1.4020000e+001
  2.3783330e+002  1.3980000e+001
  2.3784380e+002  1.4050000e+001
  2.3785420e+002  1.3840000e+001
  2.3786460e+002  1.3770000e+001
  2.3787500e+002  1.3770000e+001
  2.3788540e+002  1.3760000e+001
  2.3789580e+002  1.3570000e+001
  2.3790630e+002  1.3250000e+001
  2.3791670e+002  1.3040000e+001
  2.3792710e+002  1.3080000e+001
  2.3793750e+002  1.3280000e+001
  2.3794790e+002  1.3380000e+001
  2.3795830e+002  1.3340000e+001
  2.3796880e+002  1.3290000e+001
  2.3797920e+002  1.3270000e+001
  2.3798960e+002  1.3210000e+001
  2.3800000e+002  1.3070000e+001
  2.3801040e+002  1.2880000e+001
  2.3802080e+002  1.2730000e+001
  2.3803130e+002  1.2580000e+001
  2.3804170e+002  1.2440000e+001
  2.3805210e+002  1.2360000e+001
  2.3806250e+002  1.2380000e+001
  2.3807290e+002  1.2440000e+001
  2.3808330e+002  1.2510000e+001
  2.3809380e+002  1.2590000e+001
  2.3810420e+002  1.2680000e+001
  2.3811460e+002  1.2770000e+001
  2.3812500e+002  1.2850000e+001
  2.3813540e+002  1.2870000e+001
  2.3814580e+002  1.2880000e+001
  2.3815630e+002  1.2960000e+001
  2.3816670e+002  1.2810000e+001
  2.3817710e+002  1.2500000e+001
  2.3818750e+002  1.2360000e+001
  2.3819790e+002  1.1950000e+001
  2.3820830e+002  1.1720000e+001
  2.3821880e+002  1.1620000e+001
  2.3822920e+002  1.1640000e+001
  2.3823960e+002  1.1740000e+001
  2.3825000e+002  1.1820000e+001
  2.3826040e+002  1.1930000e+001
  2.3827080e+002  1.1970000e+001
  2.3828130e+002  1.2250000e+001
  2.3829170e+002  1.2460000e+001
  2.3830210e+002  1.2570000e+001
  2.3831250e+002  1.2790000e+001
  2.3832290e+002  1.3080000e+001
  2.3833330e+002  1.3410000e+001
  2.3834380e+002  1.3160000e+001
  2.3835420e+002  1.3630000e+001
  2.3836460e+002  1.3540000e+001
  2.3837500e+002  1.3110000e+001
  2.3838540e+002  1.3010000e+001
  2.3839580e+002  1.3630000e+001
  2.3840630e+002  1.4030000e+001
  2.3841670e+002  1.4700000e+001
  2.3842710e+002  1.4680000e+001
  2.3843750e+002  1.4560000e+001
  2.3844790e+002  1.5120000e+001
  2.3845830e+002  1.4770000e+001
  2.3846880e+002  1.3220000e+001
  2.3847920e+002  1.3950000e+001
  2.3848960e+002  1.1870000e+001
  2.3850000e+002  1.0840000e+001
  2.3851040e+002  1.1390000e+001
  2.3852080e+002  1.2010000e+001
  2.3853130e+002  1.2710000e+001
  2.3854170e+002  1.3710000e+001
  2.3855210e+002  1.4390000e+001
  2.3856250e+002  1.4140000e+001
  2.3857290e+002  1.4620000e+001
  2.3858330e+002  1.4630000e+001
  2.3859380e+002  1.4720000e+001
  2.3860420e+002  1.2680000e+001
  2.3861460e+002  1.2020000e+001
  2.3862500e+002  1.2490000e+001
  2.3863540e+002  1.3130000e+001
  2.3864580e+002  1.3300000e+001
  2.3865630e+002  1.3280000e+001
  2.3866670e+002  1.3990000e+001
  2.3867710e+002  1.3680000e+001
  2.3868750e+002  1.3370000e+001
  2.3869790e+002  1.3920000e+001
  2.3870830e+002  1.3890000e+001
  2.3871880e+002  1.3630000e+001
  2.3872920e+002  1.3450000e+001
  2.3873960e+002  1.3340000e+001
  2.3875000e+002  1.3150000e+001
  2.3876040e+002  1.3070000e+001
  2.3877080e+002  1.2970000e+001
  2.3878130e+002  1.2850000e+001
  2.3879170e+002  1.2720000e+001
  2.3880210e+002  1.2720000e+001
  2.3881250e+002  1.2760000e+001
  2.3882290e+002  1.2790000e+001
  2.3883330e+002  1.2820000e+001
  2.3884380e+002  1.2870000e+001
  2.3885420e+002  1.2950000e+001
  2.3886460e+002  1.2890000e+001
  2.3887500e+002  1.2790000e+001
  2.3888540e+002  1.2490000e+001
  2.3889580e+002  1.1790000e+001
  2.3890630e+002  1.1470000e+001
  2.3891670e+002  1.1460000e+001
  2.3892710e+002  1.1350000e+001
  2.3893750e+002  1.1260000e+001
  2.3894790e+002  1.1300000e+001
  2.3895830e+002  1.1370000e+001
  2.3896880e+002  1.1260000e+001
  2.3897920e+002  1.1280000e+001
  2.3898960e+002  1.1300000e+001
  2.3900000e+002  1.1320000e+001
  2.3901040e+002  1.1340000e+001
  2.3902080e+002  1.1390000e+001
  2.3903130e+002  1.1440000e+001
  2.3904170e+002  1.1340000e+001
  2.3905210e+002  1.1240000e+001
  2.3906250e+002  1.1270000e+001
  2.3907290e+002  1.1220000e+001
  2.3908330e+002  1.1190000e+001
  2.3909380e+002  1.1270000e+001
  2.3910420e+002  1.1380000e+001
  2.3911460e+002  1.1340000e+001
  2.3912500e+002  1.1530000e+001
  2.3913540e+002  1.1430000e+001
  2.3914580e+002  1.1360000e+001
  2.3915630e+002  1.1300000e+001
  2.3916670e+002  1.1310000e+001
  2.3917710e+002  1.1390000e+001
  2.3918750e+002  1.1340000e+001
  2.3919790e+002  1.1390000e+001
  2.3920830e+002  1.1360000e+001
  2.3921880e+002  1.1320000e+001
  2.3922920e+002  1.1250000e+001
  2.3923960e+002  1.1200000e+001
  2.3925000e+002  1.1260000e+001
  2.3926040e+002  1.1410000e+001
  2.3927080e+002  1.1460000e+001
  2.3928130e+002  1.1620000e+001
  2.3929170e+002  1.1760000e+001
  2.3930210e+002  1.2110000e+001
  2.3931250e+002  1.2390000e+001
  2.3932290e+002  1.2720000e+001
  2.3933330e+002  1.3100000e+001
  2.3934380e+002  1.3440000e+001
  2.3935420e+002  1.3770000e+001
  2.3936460e+002  1.4040000e+001
  2.3937500e+002  1.4060000e+001
  2.3938540e+002  1.4590000e+001
  2.3939580e+002  1.4580000e+001
  2.3940630e+002  1.4480000e+001
  2.3941670e+002  1.4430000e+001
  2.3942710e+002  1.4780000e+001
  2.3943750e+002  1.4730000e+001
  2.3944790e+002  1.4570000e+001
  2.3945830e+002  1.4410000e+001
  2.3946880e+002  1.4100000e+001
  2.3947920e+002  1.3890000e+001
  2.3948960e+002  1.3040000e+001
  2.3950000e+002  1.3290000e+001
  2.3951040e+002  1.3550000e+001
  2.3952080e+002  1.2830000e+001
  2.3953130e+002  1.2530000e+001
  2.3954170e+002  1.2720000e+001
  2.3955210e+002  1.2740000e+001
  2.3956250e+002  1.3130000e+001
  2.3957290e+002  1.3190000e+001
  2.3958330e+002  1.3330000e+001
  2.3959380e+002  1.3380000e+001
  2.3960420e+002  1.3400000e+001
  2.3961460e+002  1.3560000e+001
  2.3962500e+002  1.3700000e+001
  2.3963540e+002  1.4070000e+001
  2.3964580e+002  1.4180000e+001
  2.3965630e+002  1.4360000e+001
  2.3966670e+002  1.4710000e+001
  2.3967710e+002  1.5120000e+001
  2.3968750e+002  1.5090000e+001
  2.3969790e+002  1.5310000e+001
  2.3970830e+002  1.5600000e+001
  2.3971880e+002  1.5760000e+001
  2.3972920e+002  1.5650000e+001
  2.3973960e+002  1.5600000e+001
  2.3975000e+002  1.5590000e+001
  2.3976040e+002  1.5420000e+001
  2.3977080e+002  1.5130000e+001
  2.3978130e+002  1.4730000e+001
  2.3979170e+002  1.4430000e+001
  2.3980210e+002  1.4140000e+001
  2.3981250e+002  1.3950000e+001
  2.3982290e+002  1.3920000e+001
  2.3983330e+002  1.3810000e+001
  2.3984380e+002  1.3700000e+001
  2.3985420e+002  1.3640000e+001
  2.3986460e+002  1.3610000e+001
  2.3987500e+002  1.3750000e+001
  2.3988540e+002  1.3700000e+001
  2.3989580e+002  1.3650000e+001
  2.3990630e+002  1.3260000e+001
  2.3991670e+002  1.2790000e+001
  2.3992710e+002  1.3000000e+001
  2.3993750e+002  1.3110000e+001
  2.3994790e+002  1.3170000e+001
  2.3995830e+002  1.2700000e+001
  2.3996880e+002  1.2320000e+001
  2.3997920e+002  1.1820000e+001
  2.3998960e+002  1.0530000e+001
  2.4000000e+002  1.0570000e+001
  2.4001040e+002  1.1140000e+001
  2.4002080e+002  1.1290000e+001
  2.4003130e+002  1.1390000e+001
  2.4004170e+002  1.1310000e+001
  2.4005210e+002  1.1110000e+001
  2.4006250e+002  1.0900000e+001
  2.4007290e+002  1.0700000e+001
  2.4008330e+002  1.0610000e+001
  2.4009380e+002  1.0790000e+001
  2.4010420e+002  1.1020000e+001
  2.4011460e+002  1.0930000e+001
  2.4012500e+002  1.0980000e+001
  2.4013540e+002  1.0990000e+001
  2.4014580e+002  1.1060000e+001
  2.4015630e+002  1.1320000e+001
  2.4016670e+002  1.1550000e+001
  2.4017710e+002  1.1690000e+001
  2.4018750e+002  1.1850000e+001
  2.4019790e+002  1.1920000e+001
  2.4020830e+002  1.2010000e+001
  2.4021880e+002  1.2080000e+001
  2.4022920e+002  1.2100000e+001
  2.4023960e+002  1.2170000e+001
  2.4025000e+002  1.2320000e+001
  2.4026040e+002  1.2460000e+001
  2.4027080e+002  1.2630000e+001
  2.4028130e+002  1.2790000e+001
  2.4029170e+002  1.2970000e+001
  2.4030210e+002  1.3090000e+001
  2.4031250e+002  1.3220000e+001
  2.4032290e+002  1.3440000e+001
  2.4033330e+002  1.3640000e+001
  2.4034380e+002  1.3840000e+001
  2.4035420e+002  1.4040000e+001
  2.4036460e+002  1.4220000e+001
  2.4037500e+002  1.4430000e+001
  2.4038540e+002  1.4650000e+001
  2.4039580e+002  1.4820000e+001
  2.4040630e+002  1.5000000e+001
  2.4041670e+002  1.5140000e+001
  2.4042710e+002  1.5290000e+001
  2.4043750e+002  1.5430000e+001
  2.4044790e+002  1.5610000e+001
  2.4045830e+002  1.5830000e+001
  2.4046880e+002  1.6020000e+001
  2.4047920e+002  1.6190000e+001
  2.4048960e+002  1.6360000e+001
  2.4050000e+002  1.6610000e+001
  2.4051040e+002  1.6870000e+001
  2.4052080e+002  1.7030000e+001
  2.4053130e+002  1.7220000e+001
  2.4054170e+002  1.7690000e+001
  2.4055210e+002  1.7980000e+001
  2.4056250e+002  1.8250000e+001
  2.4057290e+002  1.8500000e+001
  2.4058330e+002  1.8950000e+001
  2.4059380e+002  1.9390000e+001
  2.4060420e+002  1.9800000e+001
  2.4061460e+002  1.9930000e+001
  2.4062500e+002  1.9780000e+001
  2.4063540e+002  1.9640000e+001
  2.4064580e+002  1.9380000e+001
  2.4065630e+002  1.8630000e+001
  2.4066670e+002  1.8500000e+001
  2.4067710e+002  1.8690000e+001
  2.4068750e+002  1.8830000e+001
  2.4069790e+002  1.8990000e+001
  2.4070830e+002  1.9250000e+001
  2.4071880e+002  1.9610000e+001
  2.4072920e+002  1.9780000e+001
  2.4073960e+002  1.9780000e+001
  2.4075000e+002  1.9590000e+001
  2.4076040e+002  1.9580000e+001
  2.4077080e+002  1.9700000e+001
  2.4078130e+002  1.9550000e+001
  2.4079170e+002  1.9340000e+001
  2.4080210e+002  1.9170000e+001
  2.4081250e+002  1.8810000e+001
  2.4082290e+002  1.8670000e+001
  2.4083330e+002  1.8440000e+001
  2.4084380e+002  1.8320000e+001
  2.4085420e+002  1.8310000e+001
  2.4086460e+002  1.8350000e+001
  2.4087500e+002  1.8250000e+001
  2.4088540e+002  1.8190000e+001
  2.4089580e+002  1.8190000e+001
  2.4090630e+002  1.8100000e+001
  2.4091670e+002  1.8010000e+001
  2.4092710e+002  1.8020000e+001
  2.4093750e+002  1.8050000e+001
  2.4094790e+002  1.8120000e+001
  2.4095830e+002  1.8160000e+001
  2.4096880e+002  1.8180000e+001
  2.4097920e+002  1.8050000e+001
  2.4098960e+002  1.7990000e+001
  2.4100000e+002  1.7930000e+001
  2.4101040e+002  1.7890000e+001
  2.4102080e+002  1.7710000e+001
  2.4103130e+002  1.7660000e+001
  2.4104170e+002  1.7510000e+001
  2.4105210e+002  1.7400000e+001
  2.4106250e+002  1.7280000e+001
  2.4107290e+002  1.7200000e+001
  2.4108330e+002  1.7130000e+001
  2.4109380e+002  1.7070000e+001
  2.4110420e+002  1.6990000e+001
  2.4111460e+002  1.6920000e+001
  2.4112500e+002  1.6850000e+001
  2.4113540e+002  1.6730000e+001
  2.4114580e+002  1.6620000e+001
  2.4115630e+002  1.6570000e+001
  2.4116670e+002  1.6480000e+001
  2.4117710e+002  1.6370000e+001
  2.4118750e+002  1.6340000e+001
  2.4119790e+002  1.6180000e+001
  2.4120830e+002  1.6110000e+001
  2.4121880e+002  1.6060000e+001
  2.4122920e+002  1.6010000e+001
  2.4123960e+002  1.6000000e+001
  2.4125000e+002  1.5970000e+001
  2.4126040e+002  1.6080000e+001
  2.4127080e+002  1.6320000e+001
  2.4128130e+002  1.6520000e+001
  2.4129170e+002  1.6800000e+001
  2.4130210e+002  1.6950000e+001
  2.4131250e+002  1.7140000e+001
  2.4132290e+002  1.7330000e+001
  2.4133330e+002  1.7470000e+001
  2.4134380e+002  1.7940000e+001
  2.4135420e+002  1.8170000e+001
  2.4136460e+002  1.8700000e+001
  2.4137500e+002  1.9120000e+001
  2.4138540e+002  1.9650000e+001
  2.4139580e+002  2.0570000e+001
  2.4140630e+002  2.0760000e+001
  2.4141670e+002  2.1170000e+001
  2.4142710e+002  2.1930000e+001
  2.4143750e+002  2.1640000e+001
  2.4144790e+002  2.1390000e+001
  2.4145830e+002  2.1460000e+001
  2.4146880e+002  2.1540000e+001
  2.4147920e+002  2.1850000e+001
  2.4148960e+002  2.2230000e+001
  2.4150000e+002  2.2510000e+001
  2.4151040e+002  2.2800000e+001
  2.4152080e+002  2.3280000e+001
  2.4153130e+002  2.2990000e+001
  2.4154170e+002  2.3220000e+001
  2.4155210e+002  2.3630000e+001
  2.4156250e+002  2.3980000e+001
  2.4157290e+002  2.4060000e+001
  2.4158330e+002  2.4040000e+001
  2.4159380e+002  2.4230000e+001
  2.4160420e+002  2.4570000e+001
  2.4161460e+002  2.4620000e+001
  2.4162500e+002  2.5170000e+001
  2.4163540e+002  2.5400000e+001
  2.4164580e+002  2.5150000e+001
  2.4165630e+002  2.5200000e+001
  2.4166670e+002  2.4910000e+001
  2.4167710e+002  2.4980000e+001
  2.4168750e+002  2.4960000e+001
  2.4169790e+002  2.4190000e+001
  2.4170830e+002  2.3310000e+001
  2.4171880e+002  2.0640000e+001
  2.4172920e+002  1.9270000e+001
  2.4173960e+002  1.8900000e+001
  2.4175000e+002  1.8910000e+001
  2.4176040e+002  1.8750000e+001
  2.4177080e+002  1.8220000e+001
  2.4178130e+002  1.7930000e+001
  2.4179170e+002  1.7810000e+001
  2.4180210e+002  1.7650000e+001
  2.4181250e+002  1.7470000e+001
  2.4182290e+002  1.7260000e+001
  2.4183330e+002  1.7040000e+001
  2.4184380e+002  1.6760000e+001
  2.4185420e+002  1.6480000e+001
  2.4186460e+002  1.6350000e+001
  2.4187500e+002  1.6200000e+001
  2.4188540e+002  1.6090000e+001
  2.4189580e+002  1.6000000e+001
  2.4190630e+002  1.5830000e+001
  2.4191670e+002  1.5750000e+001
  2.4192710e+002  1.5760000e+001
  2.4193750e+002  1.5710000e+001
  2.4194790e+002  1.5660000e+001
  2.4195830e+002  1.5590000e+001
  2.4196880e+002  1.5560000e+001
  2.4197920e+002  1.5440000e+001
  2.4198960e+002  1.5110000e+001
  2.4200000e+002  1.4880000e+001
  2.4201040e+002  1.4830000e+001
  2.4202080e+002  1.4780000e+001
  2.4203130e+002  1.4740000e+001
  2.4204170e+002  1.4680000e+001
  2.4205210e+002  1.4600000e+001
  2.4206250e+002  1.4560000e+001
  2.4207290e+002  1.4480000e+001
  2.4208330e+002  1.4420000e+001
  2.4209380e+002  1.4340000e+001
  2.4210420e+002  1.4260000e+001
  2.4211460e+002  1.4230000e+001
  2.4212500e+002  1.4120000e+001
  2.4213540e+002  1.4050000e+001
  2.4214580e+002  1.4000000e+001
  2.4215630e+002  1.3870000e+001
  2.4216670e+002  1.3720000e+001
  2.4217710e+002  1.3590000e+001
  2.4218750e+002  1.3460000e+001
  2.4219790e+002  1.3300000e+001
  2.4220830e+002  1.3110000e+001
  2.4221880e+002  1.2920000e+001
  2.4222920e+002  1.2690000e+001
  2.4223960e+002  1.2470000e+001
  2.4225000e+002  1.2360000e+001
  2.4226040e+002  1.2410000e+001
  2.4227080e+002  1.2420000e+001
  2.4228130e+002  1.2490000e+001
  2.4229170e+002  1.2540000e+001
  2.4230210e+002  1.2610000e+001
  2.4231250e+002  1.2680000e+001
  2.4232290e+002  1.2840000e+001
  2.4233330e+002  1.3090000e+001
  2.4234380e+002  1.3400000e+001
  2.4235420e+002  1.3930000e+001
  2.4236460e+002  1.4290000e+001
  2.4237500e+002  1.4720000e+001
  2.4238540e+002  1.5040000e+001
  2.4239580e+002  1.5100000e+001
  2.4240630e+002  1.5290000e+001
  2.4241670e+002  1.5450000e+001
  2.4242710e+002  1.5120000e+001
  2.4243750e+002  1.4660000e+001
  2.4244790e+002  1.4830000e+001
  2.4245830e+002  1.5310000e+001
  2.4246880e+002  1.4620000e+001
  2.4247920e+002  1.4940000e+001
  2.4248960e+002  1.5740000e+001
  2.4250000e+002  1.5410000e+001
  2.4251040e+002  1.4950000e+001
  2.4252080e+002  1.4010000e+001
  2.4253130e+002  1.4940000e+001
  2.4254170e+002  1.5650000e+001
  2.4255210e+002  1.5960000e+001
  2.4256250e+002  1.6220000e+001
  2.4257290e+002  1.6410000e+001
  2.4258330e+002  1.6740000e+001
  2.4259380e+002  1.6610000e+001
  2.4260420e+002  1.6980000e+001
  2.4261460e+002  1.6990000e+001
  2.4262500e+002  1.6630000e+001
  2.4263540e+002  1.6470000e+001
  2.4264580e+002  1.6320000e+001
  2.4265630e+002  1.6560000e+001
  2.4266670e+002  1.6300000e+001
  2.4267710e+002  1.6370000e+001
  2.4268750e+002  1.6170000e+001
  2.4269790e+002  1.6640000e+001
  2.4270830e+002  1.6450000e+001
  2.4271880e+002  1.6580000e+001
  2.4272920e+002  1.6410000e+001
  2.4273960e+002  1.6280000e+001
  2.4275000e+002  1.6210000e+001
  2.4276040e+002  1.6050000e+001
  2.4277080e+002  1.5680000e+001
  2.4278130e+002  1.5130000e+001
  2.4279170e+002  1.4730000e+001
  2.4280210e+002  1.4360000e+001
  2.4281250e+002  1.3990000e+001
  2.4282290e+002  1.3950000e+001
  2.4283330e+002  1.3460000e+001
  2.4284380e+002  1.2880000e+001
  2.4285420e+002  1.2590000e+001
  2.4286460e+002  1.2330000e+001
  2.4287500e+002  1.2230000e+001
  2.4288540e+002  1.1760000e+001
  2.4289580e+002  1.1480000e+001
  2.4290630e+002  1.1390000e+001
  2.4291670e+002  1.1330000e+001
  2.4292710e+002  1.1220000e+001
  2.4293750e+002  1.1190000e+001
  2.4294790e+002  1.1120000e+001
  2.4295830e+002  1.1080000e+001
  2.4296880e+002  1.1050000e+001
  2.4297920e+002  1.1060000e+001
  2.4298960e+002  1.1090000e+001
  2.4300000e+002  1.1140000e+001
  2.4301040e+002  1.1090000e+001
  2.4302080e+002  1.1020000e+001
  2.4303130e+002  1.0940000e+001
  2.4304170e+002  1.0920000e+001
  2.4305210e+002  1.0880000e+001
  2.4306250e+002  1.0920000e+001
  2.4307290e+002  1.0910000e+001
  2.4308330e+002  1.0900000e+001
  2.4309380e+002  1.0840000e+001
  2.4310420e+002  1.0740000e+001
  2.4311460e+002  1.0660000e+001
  2.4312500e+002  1.0620000e+001
  2.4313540e+002  1.0590000e+001
  2.4314580e+002  1.0530000e+001
  2.4315630e+002  1.0560000e+001
  2.4316670e+002  1.0550000e+001
  2.4317710e+002  1.0520000e+001
  2.4318750e+002  1.0480000e+001
  2.4319790e+002  1.0490000e+001
  2.4320830e+002  1.0510000e+001
  2.4321880e+002  1.0550000e+001
  2.4322920e+002  1.0640000e+001
  2.4323960e+002  1.0710000e+001
  2.4325000e+002  1.0740000e+001
  2.4326040e+002  1.0830000e+001
  2.4327080e+002  1.0940000e+001
  2.4328130e+002  1.1070000e+001
  2.4329170e+002  1.1160000e+001
  2.4330210e+002  1.1420000e+001
  2.4331250e+002  1.1980000e+001
  2.4332290e+002  1.2610000e+001
  2.4333330e+002  1.2910000e+001
  2.4334380e+002  1.2720000e+001
  2.4335420e+002  1.3370000e+001
  2.4336460e+002  1.3700000e+001
  2.4337500e+002  1.3820000e+001
  2.4338540e+002  1.4600000e+001
  2.4339580e+002  1.4650000e+001
  2.4340630e+002  1.4670000e+001
  2.4341670e+002  1.5160000e+001
  2.4342710e+002  1.5720000e+001
  2.4343750e+002  1.5800000e+001
  2.4344790e+002  1.6120000e+001
  2.4345830e+002  1.5920000e+001
  2.4346880e+002  1.6530000e+001
  2.4347920e+002  1.5770000e+001
  2.4348960e+002  1.5930000e+001
  2.4350000e+002  1.6020000e+001
  2.4351040e+002  1.6610000e+001
  2.4352080e+002  1.6760000e+001
  2.4353130e+002  1.6270000e+001
  2.4354170e+002  1.6520000e+001
  2.4355210e+002  1.6590000e+001
  2.4356250e+002  1.6580000e+001
  2.4357290e+002  1.6620000e+001
  2.4358330e+002  1.6800000e+001
  2.4359380e+002  1.6640000e+001
  2.4360420e+002  1.7000000e+001
  2.4361460e+002  1.6820000e+001
  2.4362500e+002  1.7180000e+001
  2.4363540e+002  1.7420000e+001
  2.4364580e+002  1.7330000e+001
  2.4365630e+002  1.7180000e+001
  2.4366670e+002  1.7800000e+001
